0 0.336305 0.638709 0.214984 0.679562
0 0.167430 0.676860 0.273703 0.620985
0 0.586961 0.363972 0.011234 0.035952
0 0.268422 0.394825 0.057406 0.115908
0 0.778359 0.531532 0.097406 0.330153
0 0.193914 0.455175 0.166516 0.340678
0 0.448445 0.396827 0.041328 0.168534
0 0.474930 0.502702 0.095672 0.374158
0 0.073336 0.453873 0.105391 0.435405
0 0.058578 0.290284 0.030219 0.058468
0 0.512680 0.521346 0.117141 0.364048
0 0.432281 0.512243 0.083531 0.323392
0 0.294031 0.363053 0.040094 0.089168
0 0.389063 0.559081 0.753125 0.654267