0 0.838000 0.435521 0.044781 0.051208
0 0.674023 0.438896 0.048234 0.058042
0 0.408875 0.421917 0.053719 0.055958
0 0.320711 0.459042 0.047891 0.115667
0 0.743977 0.444542 0.025391 0.077917
0 0.509836 0.425844 0.058984 0.069646
0 0.280617 0.422469 0.015172 0.071896
0 0.251539 0.452792 0.022297 0.105167
0 0.505477 0.400156 0.014672 0.062687
0 0.360672 0.397073 0.020563 0.050146
0 0.378086 0.406021 0.015453 0.053083
0 0.317516 0.407844 0.019437 0.035604
0 0.103922 0.429979 0.024219 0.090917
0 0.539844 0.427083 0.917188 0.233333