0 0.546461 0.583255 0.212578 0.430913
0 0.741242 0.615246 0.220016 0.374848
0 0.832523 0.454590 0.074484 0.223466
0 0.892148 0.615749 0.169672 0.397119
0 0.685500 0.568993 0.118813 0.235222
0 0.483844 0.571944 0.075531 0.146698
0 0.346648 0.571593 0.101422 0.178501
0 0.840195 0.273700 0.081891 0.090304
0 0.123047 0.559286 0.085875 0.171030
0 0.416102 0.245269 0.059984 0.093255
0 0.539078 0.223454 0.082656 0.110749
0 0.570813 0.151499 0.055219 0.154988
0 0.683984 0.136557 0.061937 0.118501
0 0.499219 0.332553 0.998437 0.665105