0 0.480648 0.858430 0.171399 0.256172
0 0.589521 0.788047 0.039819 0.114437
0 0.823420 0.859555 0.156477 0.235953
0 0.394158 0.782922 0.079870 0.076938
0 0.739249 0.802586 0.069741 0.142797
0 0.866295 0.849852 0.074870 0.184328
0 0.913459 0.777406 0.062047 0.073563
0 0.636166 0.804281 0.066684 0.144750
0 0.502927 0.750609 0.033731 0.033031
0 0.326658 0.813656 0.104352 0.157375
0 0.953433 0.832461 0.093135 0.194109
0 0.838484 0.747781 0.046710 0.039719
0 0.988161 0.742273 0.023679 0.045766
0 0.564767 0.819531 0.321244 0.195312