0 0.170781 0.529219 0.103375 0.249437
0 0.252484 0.567336 0.185531 0.345172
0 0.448969 0.469477 0.021156 0.045453
0 0.802195 0.683148 0.171984 0.557453
0 0.685805 0.541867 0.047703 0.202453
0 0.643492 0.530859 0.050828 0.177406
0 0.425266 0.475766 0.031938 0.074938
0 0.569258 0.649734 0.165297 0.531125
0 0.405711 0.465438 0.019641 0.052219
0 0.494398 0.412203 0.012109 0.021906
0 0.354359 0.530820 0.030500 0.188078
0 0.481813 0.649859 0.111688 0.449344
0 0.377156 0.555406 0.079875 0.224219
0 0.486719 0.560937 0.848437 0.309375