0 0.677641 0.982148 0.012000 0.034765
0 0.778219 0.983838 0.015406 0.032324
0 0.529789 0.985023 0.007516 0.029953
0 0.522086 0.986843 0.009109 0.026315
0 0.811531 0.977570 0.022062 0.044859
0 0.374031 0.981185 0.020906 0.037629
0 0.333953 0.979354 0.011969 0.041291
0 0.887609 0.976937 0.011187 0.024296
0 0.476156 0.990059 0.007125 0.019225
0 0.360617 0.981185 0.016047 0.037629
0 0.688469 0.978415 0.012438 0.043169
0 0.753617 0.982887 0.016016 0.023052
0 0.314805 0.982359 0.014266 0.035282
0 0.474219 0.774648 0.864062 0.446009