0 0.694383 0.785396 0.219109 0.406750
0 0.906617 0.842208 0.186766 0.315583
0 0.454562 0.348396 0.074875 0.136417
0 0.686680 0.448229 0.132328 0.261167
0 0.573594 0.342542 0.284625 0.404292
0 0.511734 0.779844 0.174750 0.439063
0 0.353875 0.741354 0.161969 0.481208
0 0.164328 0.519542 0.328656 0.928083
0 0.241867 0.381990 0.138641 0.183896
0 0.802016 0.455479 0.104031 0.225958
0 0.542820 0.131521 0.140109 0.263042
0 0.367375 0.203229 0.171719 0.404667
0 0.916664 0.510583 0.166672 0.193792
0 0.145313 0.235417 0.215625 0.470833