0 0.922055 0.228091 0.155891 0.370796
0 0.428586 0.230082 0.166047 0.343068
0 0.322125 0.190843 0.112719 0.381686
0 0.580227 0.284262 0.152922 0.397752
0 0.715813 0.281967 0.136781 0.315035
0 0.658945 0.210105 0.091453 0.339321
0 0.232352 0.168361 0.059297 0.175035
0 0.200320 0.183489 0.059422 0.142529
0 0.047719 0.162670 0.067875 0.225948
0 0.170781 0.129145 0.097437 0.177119
0 0.520367 0.192037 0.073109 0.198407
0 0.192523 0.227342 0.133016 0.150468
0 0.954367 0.139274 0.043484 0.085667
0 0.348438 0.132319 0.115625 0.119438