0 0.327047 0.298587 0.045156 0.076199
0 0.191352 0.867076 0.126234 0.265848
0 0.269039 0.882057 0.111297 0.235887
0 0.392680 0.883148 0.226953 0.211248
0 0.589359 0.903850 0.179125 0.192300
0 0.705578 0.885984 0.105000 0.227797
0 0.832156 0.947183 0.171281 0.105634
0 0.948141 0.885780 0.103719 0.225867
0 0.084906 0.909006 0.057031 0.181988
0 0.892352 0.880575 0.043453 0.113743
0 0.832672 0.866101 0.078375 0.076101
0 0.747383 0.861491 0.050484 0.075887
0 0.971438 0.947368 0.057125 0.105263
0 0.643750 0.605263 0.415625 0.610136