0 0.833391 0.578841 0.333219 0.579836
0 0.857203 0.356850 0.218844 0.328548
0 0.335852 0.327002 0.174703 0.395035
0 0.834906 0.185433 0.071125 0.100562
0 0.790883 0.260679 0.085453 0.206745
0 0.196008 0.402892 0.178672 0.460398
0 0.925812 0.271909 0.067469 0.193279
0 0.101727 0.512553 0.203453 0.470867
0 0.044227 0.243817 0.085453 0.128103
0 0.253609 0.234637 0.072031 0.177237
0 0.191258 0.216171 0.061078 0.140820
0 0.419992 0.184766 0.050641 0.064473
0 0.486586 0.460867 0.431734 0.484965
0 0.299219 0.181499 0.051562 0.100703