0 0.785607 0.471437 0.020841 0.036406
0 0.687862 0.463383 0.018575 0.056016
0 0.710339 0.469586 0.035304 0.026203
0 0.133364 0.465766 0.027664 0.043719
0 0.215748 0.474695 0.024907 0.026828
0 0.233236 0.474297 0.010724 0.025375
0 0.901717 0.472906 0.031752 0.037437
0 0.195023 0.474477 0.022290 0.028516
0 0.593820 0.462258 0.030631 0.051734
0 0.806110 0.459633 0.021612 0.060484
0 0.928084 0.473758 0.030561 0.039859
0 0.829065 0.473047 0.019393 0.031969
0 0.975514 0.467445 0.048972 0.166547
0 0.471963 0.404687 0.780374 0.178125