0 0.464273 0.685738 0.302891 0.388150
0 0.600938 0.717178 0.238844 0.314965
0 0.602359 0.344567 0.077094 0.085808
0 0.579437 0.631639 0.089844 0.259016
0 0.149688 0.638009 0.111094 0.178220
0 0.030391 0.631932 0.060781 0.128407
0 0.334281 0.658431 0.139906 0.174660
0 0.697289 0.653548 0.045641 0.134122
0 0.911320 0.366979 0.077203 0.123419
0 0.792375 0.342693 0.070469 0.119110
0 0.785469 0.715152 0.160656 0.338595
0 0.896633 0.710621 0.102297 0.163115
0 0.674203 0.348361 0.074313 0.090258
0 0.499219 0.395785 0.998437 0.791569