0 0.587313 0.452458 0.675250 0.611208
0 0.796344 0.517292 0.402813 0.429208
0 0.801648 0.218760 0.032391 0.053396
0 0.299664 0.265177 0.022672 0.041729
0 0.332367 0.259906 0.042234 0.048771
0 0.673320 0.261615 0.033547 0.097729
0 0.728719 0.226521 0.020656 0.044375
0 0.681930 0.214323 0.010703 0.030979
0 0.769664 0.214010 0.026234 0.051562
0 0.307344 0.426323 0.026188 0.055146
0 0.301031 0.460802 0.026312 0.040688
0 0.261750 0.532135 0.023875 0.057271
0 0.855211 0.398854 0.027766 0.043500
0 0.616406 0.356250 0.764062 0.358333