0 0.244641 0.675510 0.326750 0.648979
0 0.466859 0.719104 0.171906 0.530333
0 0.624437 0.738646 0.251125 0.494375
0 0.877188 0.726708 0.245625 0.546583
0 0.071883 0.772875 0.118453 0.454250
0 0.032391 0.766927 0.064781 0.465146
0 0.510648 0.463115 0.010859 0.012771
0 0.125844 0.543406 0.047625 0.067021
0 0.390164 0.552146 0.040578 0.076500
0 0.848984 0.579260 0.047906 0.080312
0 0.710852 0.654417 0.084391 0.228625
0 0.570391 0.589917 0.050906 0.085417
0 0.705844 0.766406 0.100562 0.406104
0 0.690625 0.557292 0.615625 0.122917