0 0.354400 0.571930 0.276847 0.370641
0 0.873753 0.389781 0.053765 0.093031
0 0.444294 0.407781 0.156682 0.153875
0 0.784871 0.447281 0.097506 0.228281
0 0.536835 0.391016 0.067929 0.077344
0 0.667306 0.367477 0.075647 0.052797
0 0.602153 0.391398 0.052635 0.061422
0 0.827635 0.391359 0.044776 0.083656
0 0.599294 0.358289 0.044047 0.035922
0 0.988824 0.376937 0.021035 0.096719
0 0.333094 0.363398 0.045576 0.055609
0 0.201918 0.452516 0.172776 0.175375
0 0.060106 0.414031 0.098894 0.108000
0 0.498824 0.661719 0.997647 0.664062