0 0.306742 0.533708 0.313484 0.384250
0 0.366062 0.420740 0.190625 0.206437
0 0.417547 0.352719 0.150656 0.197104
0 0.680898 0.703375 0.353922 0.570792
0 0.655273 0.508354 0.131641 0.266250
0 0.816852 0.820229 0.366297 0.359542
0 0.094820 0.422229 0.189641 0.287125
0 0.590664 0.456427 0.172891 0.247813
0 0.319906 0.299219 0.048438 0.073813
0 0.179250 0.355937 0.076781 0.160583
0 0.153945 0.739656 0.307891 0.518271
0 0.121344 0.583146 0.225844 0.339333
0 0.583469 0.369531 0.116312 0.103396
0 0.328906 0.351042 0.648438 0.164583