0 0.035870 0.428537 0.071740 0.176955
0 0.562090 0.756299 0.202380 0.487403
0 0.211440 0.463403 0.126480 0.233791
0 0.388130 0.692045 0.159540 0.532567
0 0.353840 0.471209 0.072440 0.214418
0 0.565600 0.383418 0.094640 0.345284
0 0.698750 0.558940 0.122860 0.256030
0 0.137150 0.681179 0.258540 0.614119
0 0.768780 0.441090 0.052800 0.148806
0 0.305850 0.361716 0.039780 0.052269
0 0.842630 0.575597 0.109620 0.334358
0 0.334430 0.411657 0.046180 0.114119
0 0.921620 0.474657 0.054760 0.144896
0 0.539000 0.468657 0.866000 0.352239