0 0.818266 0.753138 0.327844 0.489602
0 0.653336 0.869309 0.046078 0.261382
0 0.930328 0.825995 0.092281 0.216159
0 0.405047 0.889403 0.126031 0.221194
0 0.131188 0.801124 0.220406 0.375269
0 0.230648 0.830035 0.072328 0.280070
0 0.612547 0.815070 0.028187 0.064848
0 0.464219 0.876850 0.082812 0.246300
0 0.496734 0.872365 0.084875 0.255269
0 0.623711 0.874157 0.041984 0.247190
0 0.075719 0.806745 0.148438 0.364028
0 0.305727 0.890808 0.028266 0.103349
0 0.329453 0.895574 0.098406 0.208852
0 0.581250 0.850117 0.834375 0.295082