0 0.129344 0.769837 0.088000 0.460325
0 0.485719 0.830825 0.079281 0.327750
0 0.816102 0.823287 0.015828 0.060225
0 0.605898 0.857475 0.055328 0.237150
0 0.637641 0.460675 0.202250 0.211250
0 0.296484 0.880075 0.073156 0.239850
0 0.201680 0.866925 0.085203 0.212200
0 0.568820 0.839325 0.056172 0.280900
0 0.225445 0.854250 0.049359 0.174700
0 0.631289 0.849213 0.062922 0.270675
0 0.858922 0.845563 0.034156 0.134975
0 0.084273 0.767413 0.168547 0.420225
0 0.657461 0.853225 0.045453 0.215550
0 0.507812 0.853750 0.953125 0.187500