0 0.568656 0.423696 0.098188 0.209847
0 0.439586 0.397558 0.073672 0.125499
0 0.268492 0.411317 0.021422 0.047494
0 0.648914 0.433926 0.041078 0.063504
0 0.338102 0.457366 0.019016 0.077136
0 0.534438 0.398107 0.037312 0.080102
0 0.320719 0.446164 0.010906 0.058977
0 0.250219 0.431279 0.010531 0.028645
0 0.430031 0.390153 0.073094 0.119642
0 0.309969 0.406918 0.005406 0.020537
0 0.200492 0.456010 0.014734 0.074783
0 0.925422 0.431125 0.053094 0.077596
0 0.796984 0.446279 0.033750 0.059770
0 0.277344 0.406650 0.260937 0.281330