0 0.699758 0.745967 0.034422 0.099198
0 0.125102 0.849363 0.039766 0.123255
0 0.049023 0.554741 0.014641 0.058632
0 0.426250 0.531403 0.007812 0.045778
0 0.459336 0.526120 0.009891 0.046439
0 0.508422 0.517417 0.009094 0.044835
0 0.411969 0.484634 0.006750 0.027241
0 0.078469 0.477476 0.009312 0.033160
0 0.848539 0.635224 0.015109 0.045071
0 0.064516 0.481804 0.008500 0.030920
0 0.875492 0.645047 0.009078 0.026321
0 0.404125 0.484540 0.005969 0.027052
0 0.421398 0.490861 0.008828 0.037382
0 0.446875 0.633255 0.890625 0.422170