0 0.043477 0.689883 0.083953 0.593255
0 0.069242 0.448981 0.033578 0.120679
0 0.233797 0.445937 0.052187 0.149578
0 0.602258 0.486792 0.079109 0.279625
0 0.276617 0.507494 0.041297 0.207260
0 0.315727 0.474450 0.065016 0.203279
0 0.178352 0.428443 0.038484 0.088126
0 0.361273 0.443302 0.028266 0.064356
0 0.238422 0.549145 0.043156 0.232857
0 0.212906 0.436534 0.034750 0.125995
0 0.538883 0.457166 0.042984 0.132272
0 0.144547 0.479239 0.056469 0.155012
0 0.765234 0.421499 0.022406 0.040468
0 0.393750 0.481265 0.606250 0.255269