0 0.627188 0.792130 0.123719 0.384260
0 0.684961 0.784798 0.076391 0.428027
0 0.785141 0.726670 0.054531 0.286614
0 0.838289 0.758206 0.073234 0.293318
0 0.377609 0.697388 0.041281 0.218184
0 0.290086 0.672892 0.040797 0.154126
0 0.188906 0.638587 0.042156 0.084395
0 0.708992 0.748879 0.049828 0.339955
0 0.749703 0.746973 0.054500 0.304036
0 0.489922 0.655348 0.029031 0.116256
0 0.132688 0.817713 0.085469 0.353946
0 0.190633 0.608206 0.021672 0.035067
0 0.580805 0.728161 0.049297 0.261121
0 0.319531 0.790359 0.592187 0.414798