0 0.662633 0.498089 0.060016 0.126497
0 0.705016 0.494904 0.067750 0.137877
0 0.723492 0.251507 0.051891 0.090658
0 0.875180 0.274692 0.028922 0.065732
0 0.843828 0.257240 0.051781 0.096815
0 0.427500 0.180531 0.043219 0.067601
0 0.403133 0.154554 0.032047 0.062654
0 0.340438 0.126072 0.043000 0.060679
0 0.806836 0.262070 0.037578 0.080149
0 0.691859 0.134660 0.039938 0.059682
0 0.713461 0.118885 0.030766 0.071316
0 0.609617 0.492017 0.090172 0.181868
0 0.730359 0.136794 0.044094 0.058301
0 0.500000 0.168790 0.996875 0.337580