0 0.803419 0.807492 0.337564 0.258734
0 0.424391 0.733703 0.350281 0.424719
0 0.736194 0.605031 0.189204 0.157969
0 0.589391 0.592320 0.113770 0.207359
0 0.495351 0.512937 0.085972 0.051062
0 0.938056 0.644039 0.123888 0.124078
0 0.282717 0.611719 0.158876 0.090719
0 0.594625 0.415508 0.097775 0.059297
0 0.758255 0.408422 0.078759 0.074187
0 0.741347 0.439109 0.054450 0.020813
0 0.847389 0.425000 0.083255 0.056969
0 0.645609 0.379477 0.061335 0.069578
0 0.921136 0.324008 0.083489 0.067922
0 0.498829 0.226562 0.997658 0.453125