0 0.480468 0.506234 0.243747 0.302937
0 0.790738 0.361203 0.183255 0.276813
0 0.808080 0.805648 0.159204 0.272766
0 0.691300 0.815937 0.224848 0.352187
0 0.538806 0.805867 0.184637 0.347516
0 0.421054 0.817422 0.175550 0.338031
0 0.295691 0.835031 0.125527 0.307437
0 0.417646 0.187641 0.127986 0.195500
0 0.177295 0.339141 0.084614 0.096250
0 0.294824 0.264125 0.069415 0.114688
0 0.907541 0.803367 0.184918 0.366297
0 0.136674 0.837703 0.273349 0.317688
0 0.674145 0.206625 0.184684 0.164469
0 0.221311 0.350781 0.325527 0.314063