0 0.315414 0.694595 0.210422 0.610810
0 0.850664 0.684060 0.222859 0.332548
0 0.860500 0.894381 0.222688 0.211238
0 0.657727 0.541476 0.097109 0.177143
0 0.143023 0.642821 0.111453 0.378595
0 0.052484 0.636952 0.097562 0.296381
0 0.594313 0.675286 0.153375 0.271905
0 0.845602 0.285357 0.075422 0.148524
0 0.742227 0.586714 0.088672 0.491190
0 0.938352 0.527643 0.103047 0.483095
0 0.584078 0.378536 0.057125 0.253643
0 0.655258 0.311310 0.035891 0.144095
0 0.704641 0.318440 0.052000 0.180595
0 0.499219 0.498810 0.998437 0.564286