0 0.596500 0.644942 0.343438 0.413473
0 0.425867 0.170163 0.043734 0.127692
0 0.485273 0.169114 0.069578 0.123497
0 0.633672 0.154848 0.069594 0.107739
0 0.219625 0.253159 0.136500 0.333030
0 0.359695 0.192809 0.042234 0.098345
0 0.527727 0.165455 0.047016 0.110210
0 0.350883 0.039207 0.050078 0.064802
0 0.573906 0.024720 0.057250 0.049441
0 0.257000 0.052634 0.045094 0.057483
0 0.170930 0.046107 0.048016 0.092214
0 0.212672 0.058881 0.045500 0.056317
0 0.301164 0.193858 0.065484 0.118252
0 0.417187 0.123543 0.834375 0.247086