0 0.692250 0.646358 0.028406 0.100679
0 0.312547 0.650609 0.044438 0.091335
0 0.497961 0.595492 0.018703 0.065831
0 0.485094 0.599098 0.012687 0.044614
0 0.428945 0.599204 0.017047 0.073302
0 0.312242 0.582049 0.022516 0.042319
0 0.401422 0.592681 0.010500 0.054356
0 0.208414 0.640562 0.040109 0.092600
0 0.161312 0.594778 0.019156 0.055316
0 0.256648 0.582143 0.017047 0.051405
0 0.236648 0.589262 0.022609 0.046862
0 0.134102 0.570023 0.019453 0.041639
0 0.638828 0.609520 0.016844 0.031358
0 0.361719 0.585480 0.589063 0.093677