0 0.310672 0.471885 0.035187 0.032857
0 0.467000 0.684297 0.028250 0.138618
0 0.477555 0.770117 0.054766 0.302061
0 0.537250 0.803443 0.050375 0.260890
0 0.594883 0.814133 0.069641 0.281194
0 0.643164 0.775152 0.055984 0.255082
0 0.767969 0.814005 0.060188 0.268899
0 0.305859 0.856183 0.062969 0.080890
0 0.535695 0.716393 0.051172 0.139813
0 0.317789 0.706347 0.059672 0.167447
0 0.698742 0.801733 0.053859 0.282389
0 0.030578 0.713712 0.061156 0.123162
0 0.774586 0.670457 0.043672 0.099883
0 0.663281 0.647541 0.670312 0.512881