0 0.485336 0.680927 0.065141 0.138313
0 0.614258 0.697229 0.092016 0.185375
0 0.840148 0.658188 0.078641 0.121917
0 0.661813 0.600667 0.023813 0.054042
0 0.418258 0.657687 0.048484 0.113125
0 0.368477 0.638760 0.057859 0.100979
0 0.358133 0.599667 0.019797 0.034125
0 0.792320 0.735198 0.078891 0.252979
0 0.452477 0.614417 0.038484 0.053208
0 0.319977 0.608604 0.029609 0.047292
0 0.680836 0.633896 0.052703 0.064208
0 0.295789 0.621240 0.041453 0.068646
0 0.276570 0.602271 0.017984 0.034875
0 0.569531 0.635417 0.829688 0.154167