0 0.570609 0.893930 0.054239 0.106859
0 0.300152 0.901102 0.047143 0.115172
0 0.248372 0.892867 0.070141 0.115516
0 0.984953 0.882711 0.015761 0.026359
0 0.879824 0.942023 0.064988 0.115953
0 0.941487 0.953906 0.116323 0.091844
0 0.936136 0.882562 0.053302 0.057656
0 0.508724 0.891781 0.040632 0.072281
0 0.466265 0.885781 0.038571 0.079969
0 0.345433 0.884641 0.040328 0.093844
0 0.599309 0.877023 0.015902 0.039328
0 0.883302 0.886266 0.053162 0.072938
0 0.626944 0.877523 0.025035 0.040703
0 0.788056 0.781250 0.419204 0.256250