0 0.638039 0.584229 0.262422 0.389917
0 0.426000 0.692958 0.172406 0.291500
0 0.039477 0.490302 0.078953 0.153562
0 0.182211 0.230094 0.064047 0.116021
0 0.408234 0.158417 0.057125 0.127125
0 0.843750 0.360448 0.069469 0.203521
0 0.265000 0.185615 0.042594 0.092937
0 0.635922 0.172208 0.036469 0.081417
0 0.316016 0.186510 0.045500 0.085396
0 0.122672 0.133979 0.034094 0.062292
0 0.195477 0.621021 0.149328 0.431750
0 0.379453 0.398781 0.067750 0.242729
0 0.044031 0.437875 0.029594 0.058792
0 0.500781 0.261458 0.995313 0.522917