0 0.376164 0.629512 0.305953 0.716214
0 0.675422 0.512357 0.165156 0.822476
0 0.586469 0.358929 0.095781 0.351571
0 0.935781 0.238202 0.128438 0.395500
0 0.523312 0.277750 0.087594 0.395786
0 0.448078 0.195929 0.099531 0.232286
0 0.248453 0.268048 0.101281 0.319048
0 0.196141 0.302143 0.076625 0.399190
0 0.367039 0.263214 0.131609 0.195095
0 0.027547 0.311417 0.055094 0.367357
0 0.582102 0.168536 0.049703 0.078548
0 0.836570 0.533786 0.162578 0.786048
0 0.786547 0.283595 0.106906 0.300810
0 0.204688 0.283333 0.337500 0.423810