0 0.615609 0.697010 0.123219 0.254188
0 0.536336 0.105844 0.036828 0.068187
0 0.390422 0.265094 0.057469 0.153896
0 0.657773 0.230250 0.044016 0.135958
0 0.141859 0.065354 0.048719 0.110417
0 0.330047 0.201948 0.041500 0.107729
0 0.577391 0.127646 0.047875 0.108000
0 0.619219 0.122083 0.042406 0.079667
0 0.657086 0.131698 0.054016 0.105312
0 0.511727 0.220677 0.047141 0.101396
0 0.214344 0.097646 0.049125 0.095750
0 0.615031 0.227406 0.042812 0.129021
0 0.560922 0.222260 0.041813 0.115937
0 0.500000 0.129167 0.996875 0.258333