0 0.722050 0.559003 0.165060 0.395158
0 0.485880 0.486456 0.157960 0.447405
0 0.384950 0.207658 0.044820 0.299304
0 0.789890 0.208070 0.080180 0.260570
0 0.089820 0.162991 0.038960 0.146234
0 0.492810 0.232595 0.105100 0.182025
0 0.204960 0.123323 0.020800 0.027089
0 0.049110 0.156535 0.044140 0.171171
0 0.427340 0.166282 0.070960 0.146487
0 0.358350 0.255206 0.055260 0.366930
0 0.162630 0.209193 0.050380 0.124778
0 0.320390 0.203972 0.045020 0.111804
0 0.123490 0.177864 0.036820 0.122753
0 0.254000 0.297468 0.396000 0.518987