0 0.484742 0.602794 0.068297 0.303971
0 0.704867 0.626176 0.070641 0.272745
0 0.130906 0.287892 0.052531 0.168235
0 0.594164 0.278701 0.044578 0.078137
0 0.629070 0.293395 0.031797 0.064877
0 0.719805 0.299547 0.048203 0.081642
0 0.763195 0.307806 0.038547 0.072868
0 0.496391 0.266299 0.058750 0.101127
0 0.375164 0.246213 0.066828 0.075074
0 0.231258 0.232647 0.055453 0.089755
0 0.099062 0.250674 0.057719 0.170760
0 0.558844 0.645453 0.134125 0.283113
0 0.055156 0.195809 0.051094 0.084363
0 0.514062 0.192402 0.968750 0.384804