0 0.873813 0.587844 0.231687 0.452706
0 0.674539 0.370241 0.149922 0.265069
0 0.704781 0.282144 0.018469 0.042592
0 0.189766 0.305516 0.036844 0.099151
0 0.524914 0.331755 0.077984 0.164197
0 0.440984 0.328945 0.074250 0.116606
0 0.337406 0.331261 0.033000 0.081606
0 0.950172 0.897580 0.099656 0.203096
0 0.903289 0.330482 0.056391 0.114358
0 0.774625 0.306399 0.045719 0.099954
0 0.984430 0.319083 0.020047 0.038899
0 0.363547 0.280814 0.023344 0.054564
0 0.301656 0.342018 0.018969 0.058761
0 0.499219 0.329128 0.985938 0.176606