0 0.339898 0.684742 0.058703 0.279226
0 0.523258 0.539685 0.019266 0.106017
0 0.767094 0.549226 0.016656 0.095759
0 0.430742 0.517980 0.008578 0.060659
0 0.474375 0.508181 0.009094 0.047249
0 0.867328 0.503911 0.022406 0.094871
0 0.664031 0.507994 0.010344 0.050430
0 0.632656 0.520645 0.014781 0.110344
0 0.777617 0.520458 0.018234 0.085960
0 0.890094 0.529312 0.024656 0.087221
0 0.645773 0.518911 0.012859 0.059656
0 0.620883 0.494928 0.013422 0.057421
0 0.210961 0.532178 0.014578 0.081948
0 0.590625 0.517192 0.081250 0.146132