0 0.298469 0.144800 0.074719 0.093600
0 0.346523 0.121094 0.043859 0.096494
0 0.427836 0.145988 0.037047 0.077059
0 0.542750 0.749706 0.087719 0.370753
0 0.557234 0.214318 0.041281 0.077012
0 0.451063 0.752012 0.083531 0.369200
0 0.610383 0.445941 0.100422 0.207929
0 0.696969 0.442576 0.062813 0.297294
0 0.252820 0.178647 0.046641 0.097482
0 0.202875 0.180329 0.047375 0.089882
0 0.404633 0.200541 0.037141 0.183059
0 0.312336 0.338306 0.042828 0.053741
0 0.154203 0.346729 0.051969 0.258212
0 0.500000 0.498824 0.996875 0.997647