0 0.760156 0.681854 0.207750 0.366500
0 0.696063 0.821354 0.428094 0.334833
0 0.349719 0.653938 0.210687 0.400000
0 0.075352 0.639604 0.147828 0.273625
0 0.197016 0.585979 0.120500 0.320375
0 0.233148 0.473115 0.080828 0.207354
0 0.382539 0.521135 0.113172 0.279854
0 0.743680 0.494073 0.074047 0.123896
0 0.689258 0.468458 0.109922 0.163417
0 0.906766 0.675677 0.185156 0.536229
0 0.508367 0.587375 0.169203 0.647292
0 0.813484 0.454115 0.086406 0.123229
0 0.078891 0.462687 0.129062 0.156333
0 0.078125 0.920833 0.156250 0.154167