0 0.236516 0.601723 0.198031 0.645674
0 0.761172 0.643329 0.192406 0.572565
0 0.569617 0.518640 0.143172 0.181943
0 0.598617 0.736244 0.112453 0.265285
0 0.669539 0.730337 0.097578 0.242694
0 0.962219 0.287241 0.075563 0.171995
0 0.612453 0.109521 0.140125 0.201943
0 0.513250 0.115104 0.084844 0.165389
0 0.367922 0.189508 0.057000 0.174560
0 0.267133 0.185699 0.062672 0.174249
0 0.736922 0.279275 0.115469 0.173420
0 0.777242 0.282513 0.067109 0.156166
0 0.828109 0.282150 0.068125 0.177824
0 0.507812 0.437824 0.981250 0.875648