0 0.575500 0.488803 0.311312 0.977605
0 0.885953 0.269903 0.054375 0.163366
0 0.826672 0.308981 0.066500 0.243463
0 0.783617 0.336974 0.038391 0.145987
0 0.706320 0.270502 0.056422 0.096084
0 0.334172 0.284272 0.102000 0.370809
0 0.425180 0.286036 0.054359 0.146375
0 0.457305 0.420955 0.054078 0.121197
0 0.761133 0.261359 0.036016 0.108803
0 0.510375 0.415113 0.055313 0.126861
0 0.392516 0.419482 0.067719 0.132492
0 0.720477 0.339013 0.053453 0.116149
0 0.490961 0.324676 0.051422 0.228576
0 0.670313 0.310680 0.634375 0.310680