0 0.742617 0.308927 0.045453 0.094104
0 0.692461 0.309688 0.120734 0.094125
0 0.452437 0.483750 0.023312 0.039583
0 0.438758 0.483396 0.022641 0.041583
0 0.413875 0.480125 0.018250 0.022125
0 0.402156 0.474917 0.014156 0.014708
0 0.491633 0.484563 0.029109 0.040750
0 0.339094 0.492188 0.014813 0.035917
0 0.303805 0.404948 0.014766 0.047063
0 0.384313 0.479417 0.019062 0.024042
0 0.357234 0.486802 0.024594 0.040438
0 0.517359 0.484760 0.025344 0.044229
0 0.429063 0.474729 0.010500 0.017000
0 0.539062 0.417708 0.903125 0.147917