0 0.523070 0.606991 0.114047 0.429016
0 0.180633 0.604696 0.093828 0.447658
0 0.146750 0.757494 0.109438 0.485012
0 0.404055 0.620222 0.103453 0.161803
0 0.696094 0.382283 0.079219 0.103255
0 0.025891 0.527763 0.051781 0.193419
0 0.083945 0.552260 0.088266 0.155527
0 0.092992 0.286241 0.102047 0.141335
0 0.394961 0.285316 0.049641 0.128712
0 0.576648 0.086874 0.035859 0.094684
0 0.275938 0.343396 0.067437 0.091663
0 0.216297 0.327834 0.065656 0.108548
0 0.902781 0.402201 0.104000 0.112646
0 0.499219 0.364169 0.998437 0.728337