0 0.196250 0.748875 0.110000 0.482006
0 0.521180 0.732827 0.084516 0.448632
0 0.659289 0.735426 0.062234 0.408055
0 0.742219 0.732219 0.068156 0.400000
0 0.805094 0.745517 0.068000 0.383435
0 0.879305 0.639833 0.037953 0.234012
0 0.614125 0.614787 0.037156 0.251033
0 0.922711 0.644939 0.036203 0.263131
0 0.702836 0.662933 0.056703 0.283678
0 0.331937 0.674286 0.071906 0.288571
0 0.279555 0.779772 0.154797 0.408967
0 0.960594 0.651535 0.039781 0.240760
0 0.593945 0.663936 0.049422 0.276383
0 0.617188 0.638298 0.759375 0.297872