0 0.069945 0.151688 0.069109 0.267417
0 0.599656 0.201427 0.091219 0.317563
0 0.725562 0.190635 0.109563 0.314604
0 0.836555 0.204542 0.083734 0.306458
0 0.501125 0.571937 0.193000 0.437917
0 0.258109 0.163583 0.120313 0.277792
0 0.942133 0.216854 0.114609 0.280917
0 0.014570 0.135323 0.028016 0.133646
0 0.454219 0.942323 0.075844 0.092146
0 0.615969 0.977115 0.055531 0.043896
0 0.969992 0.945302 0.060016 0.109396
0 0.558406 0.970896 0.090219 0.058208
0 0.112695 0.954969 0.190422 0.069937
0 0.500000 0.498958 0.996875 0.997917