0 0.508091 0.642984 0.091133 0.140688
0 0.712823 0.823023 0.121193 0.263016
0 0.813221 0.725148 0.128708 0.163766
0 0.136640 0.522367 0.036143 0.075453
0 0.541113 0.490930 0.017694 0.029203
0 0.532296 0.518984 0.022962 0.073781
0 0.307773 0.535234 0.071610 0.096375
0 0.291938 0.595078 0.055010 0.050344
0 0.617704 0.530836 0.030795 0.085766
0 0.593519 0.529016 0.032644 0.083969
0 0.573807 0.521430 0.022207 0.082172
0 0.559175 0.517820 0.022565 0.074641
0 0.476650 0.461242 0.024632 0.044328
0 0.391650 0.452344 0.353877 0.164062