0 0.326961 0.567917 0.067703 0.273627
0 0.282836 0.569485 0.038109 0.259804
0 0.228094 0.572500 0.044375 0.139216
0 0.361484 0.505000 0.025156 0.126765
0 0.430266 0.534069 0.052812 0.259069
0 0.482086 0.535748 0.059359 0.232279
0 0.495047 0.454473 0.016906 0.021887
0 0.712953 0.552684 0.035844 0.135564
0 0.688320 0.528431 0.033766 0.102157
0 0.203492 0.571483 0.033453 0.127623
0 0.342680 0.539620 0.018953 0.104142
0 0.529258 0.559571 0.049141 0.216446
0 0.388828 0.551961 0.060844 0.206078
0 0.673437 0.553922 0.228125 0.156863