0 0.650390 0.586617 0.164020 0.322096
0 0.811630 0.537186 0.240660 0.443293
0 0.928690 0.051033 0.059060 0.101946
0 0.509630 0.549446 0.358780 0.474162
0 0.210050 0.077440 0.082340 0.096138
0 0.300130 0.162395 0.113460 0.294431
0 0.501070 0.179820 0.116420 0.285389
0 0.620720 0.211737 0.098600 0.164251
0 0.183130 0.308997 0.141100 0.492126
0 0.780660 0.177111 0.092040 0.274222
0 0.591670 0.167365 0.085380 0.257425
0 0.692070 0.163533 0.101860 0.257605
0 0.317730 0.085584 0.112420 0.143144
0 0.449000 0.422156 0.890000 0.844311