0 0.765289 0.587389 0.086141 0.479274
0 0.264461 0.588724 0.034516 0.160632
0 0.652687 0.486159 0.014781 0.085995
0 0.689586 0.508653 0.020047 0.117494
0 0.783055 0.595667 0.098422 0.433443
0 0.914484 0.475995 0.024656 0.043653
0 0.967477 0.482436 0.031891 0.058595
0 0.731984 0.487681 0.024031 0.099251
0 0.939281 0.477096 0.024531 0.042904
0 0.968187 0.444133 0.017438 0.039602
0 0.048234 0.447073 0.011687 0.053583
0 0.886852 0.471897 0.025266 0.085059
0 0.931070 0.440656 0.018891 0.061030
0 0.410156 0.451991 0.020313 0.060890