0 0.303727 0.665281 0.168359 0.325129
0 0.161188 0.643607 0.247000 0.405855
0 0.812430 0.414508 0.085453 0.160304
0 0.039430 0.365176 0.011422 0.021405
0 0.152477 0.342155 0.006266 0.022670
0 0.804859 0.269532 0.022156 0.024262
0 0.183273 0.307845 0.007891 0.016721
0 0.248133 0.284274 0.019484 0.029204
0 0.850703 0.232354 0.015063 0.027283
0 0.255711 0.399321 0.028547 0.085152
0 0.381422 0.542108 0.172844 0.438829
0 0.148086 0.331499 0.009328 0.025386
0 0.918164 0.279005 0.014359 0.019649
0 0.499219 0.271663 0.998437 0.365340