0 0.583016 0.570761 0.071875 0.413841
0 0.407453 0.491721 0.079625 0.270937
0 0.456102 0.482447 0.035359 0.269016
0 0.342445 0.493782 0.052609 0.267424
0 0.286070 0.477670 0.066422 0.189063
0 0.168977 0.593829 0.139641 0.599368
0 0.029820 0.460152 0.036859 0.148876
0 0.624570 0.451569 0.043391 0.177049
0 0.475461 0.421464 0.013266 0.093560
0 0.378195 0.396827 0.019766 0.063396
0 0.693984 0.453290 0.028406 0.195433
0 0.743039 0.448888 0.042609 0.185550
0 0.657586 0.452400 0.052734 0.205176
0 0.483594 0.468384 0.848437 0.285714