0 0.761540 0.456322 0.171040 0.301122
0 0.923030 0.524177 0.153940 0.476933
0 0.531070 0.776397 0.106660 0.278180
0 0.402800 0.523254 0.733520 0.953491
0 0.769330 0.706721 0.080580 0.121222
0 0.117530 0.343441 0.056900 0.100948
0 0.967400 0.924401 0.065200 0.151197
0 0.484900 0.531858 0.151000 0.287656
0 0.620140 0.542756 0.157640 0.436883
0 0.901180 0.930324 0.160680 0.139352
0 0.089020 0.415586 0.070080 0.083242
0 0.753950 0.580137 0.124700 0.170698
0 0.963990 0.821658 0.072020 0.132195
0 0.772000 0.851621 0.240000 0.291771