0 0.543539 0.412365 0.315172 0.379771
0 0.885977 0.463969 0.146953 0.518021
0 0.552766 0.322948 0.138469 0.449396
0 0.729359 0.454927 0.129219 0.461771
0 0.969883 0.436365 0.059672 0.156646
0 0.331430 0.295438 0.025359 0.082667
0 0.200258 0.331240 0.020266 0.043354
0 0.171742 0.361896 0.025547 0.058333
0 0.138867 0.399552 0.057766 0.138313
0 0.830805 0.323573 0.057141 0.185521
0 0.301086 0.343052 0.039391 0.065812
0 0.271250 0.350552 0.040500 0.078938
0 0.980508 0.343042 0.038984 0.090917
0 0.500000 0.556250 0.996875 0.741667