0 0.316660 0.767027 0.031640 0.116987
0 0.853860 0.823013 0.099120 0.191040
0 0.778780 0.841787 0.092040 0.183733
0 0.442320 0.759987 0.022760 0.092293
0 0.501460 0.782987 0.044160 0.110080
0 0.752040 0.838253 0.079040 0.218693
0 0.677290 0.819320 0.071700 0.166853
0 0.218720 0.810040 0.056400 0.172027
0 0.292570 0.766093 0.025020 0.106320
0 0.657980 0.752600 0.019560 0.025093
0 0.153880 0.749467 0.026160 0.084267
0 0.067420 0.768453 0.024160 0.066933
0 0.547460 0.789893 0.057680 0.126613
0 0.379000 0.786667 0.694000 0.160000