0 0.472531 0.494355 0.039125 0.180403
0 0.211852 0.670302 0.043203 0.277540
0 0.661320 0.588508 0.047109 0.321694
0 0.735359 0.571089 0.047594 0.300565
0 0.834109 0.508831 0.033813 0.150968
0 0.873852 0.510484 0.034516 0.108387
0 0.970086 0.673185 0.031922 0.278710
0 0.389250 0.746633 0.059344 0.427944
0 0.329047 0.665786 0.048000 0.300847
0 0.294563 0.613327 0.033375 0.226250
0 0.915977 0.694335 0.040297 0.271492
0 0.869453 0.731169 0.040531 0.309113
0 0.561758 0.490343 0.045484 0.170524
0 0.480469 0.663306 0.957812 0.375000