0 0.088672 0.766765 0.059937 0.220066
0 0.129586 0.625362 0.027297 0.086425
0 0.168813 0.645680 0.014250 0.052500
0 0.284531 0.753761 0.059188 0.202741
0 0.475219 0.749386 0.066219 0.218114
0 0.268586 0.604934 0.023266 0.068070
0 0.709602 0.633246 0.036703 0.077281
0 0.437797 0.620208 0.019469 0.081513
0 0.644453 0.746064 0.081656 0.175285
0 0.591430 0.639298 0.010391 0.057325
0 0.807211 0.639353 0.014922 0.074320
0 0.831250 0.636162 0.015219 0.079781
0 0.818250 0.640340 0.020344 0.082785
0 0.585938 0.553728 0.443750 0.234649