0 0.661141 0.767418 0.107688 0.339343
0 0.793891 0.690775 0.025562 0.095634
0 0.960977 0.698955 0.017016 0.091150
0 0.529734 0.682735 0.015063 0.071385
0 0.281195 0.644894 0.010641 0.057911
0 0.389898 0.649824 0.009609 0.037394
0 0.237250 0.651620 0.011594 0.045211
0 0.498219 0.693169 0.029313 0.143427
0 0.725516 0.683885 0.013625 0.056362
0 0.431938 0.655962 0.017000 0.047277
0 0.323883 0.650047 0.015891 0.046385
0 0.134070 0.654918 0.025484 0.071432
0 0.257773 0.657500 0.015859 0.064671
0 0.500000 0.685446 0.996875 0.206573