0 0.578539 0.530445 0.039766 0.155831
0 0.537641 0.469649 0.028813 0.157049
0 0.505406 0.430211 0.033281 0.138361
0 0.484617 0.388056 0.035578 0.116909
0 0.443180 0.352857 0.024359 0.103653
0 0.661258 0.634696 0.037891 0.167143
0 0.885000 0.665855 0.039656 0.176815
0 0.382359 0.349977 0.032375 0.071054
0 0.423758 0.352576 0.018234 0.096628
0 0.402023 0.344941 0.012203 0.056721
0 0.735758 0.665808 0.055328 0.203232
0 0.959383 0.641241 0.030641 0.110445
0 0.747719 0.669028 0.021656 0.175480
0 0.790625 0.557377 0.412500 0.177986