0 0.242742 0.414125 0.315391 0.499458
0 0.347922 0.215125 0.047750 0.139583
0 0.321852 0.176312 0.044953 0.099333
0 0.688914 0.278719 0.235734 0.325146
0 0.877445 0.264698 0.069891 0.210604
0 0.170992 0.544583 0.338609 0.887125
0 0.262914 0.241573 0.161797 0.253937
0 0.195773 0.165229 0.047578 0.099208
0 0.765695 0.663677 0.468609 0.636771
0 0.917070 0.338146 0.165859 0.299833
0 0.398516 0.305458 0.181812 0.300125
0 0.097273 0.151969 0.066641 0.076479
0 0.801578 0.196281 0.077312 0.141104
0 0.526563 0.187500 0.521875 0.137500