0 0.547773 0.469613 0.119672 0.342324
0 0.308078 0.468462 0.109438 0.281526
0 0.225945 0.551831 0.074984 0.100235
0 0.613125 0.592817 0.080500 0.144930
0 0.853992 0.607594 0.117641 0.131995
0 0.905016 0.867570 0.189969 0.264859
0 0.064875 0.723603 0.113219 0.182042
0 0.206273 0.756373 0.200891 0.217300
0 0.419367 0.784214 0.240797 0.252042
0 0.393266 0.536279 0.058844 0.071150
0 0.385531 0.672406 0.114312 0.219930
0 0.766766 0.753251 0.174625 0.197394
0 0.419359 0.456772 0.119406 0.294859
0 0.429688 0.637324 0.668750 0.194836