0 0.534328 0.468244 0.063250 0.130351
0 0.438320 0.547260 0.092766 0.188525
0 0.353367 0.462190 0.072172 0.073185
0 0.617289 0.557728 0.120172 0.227447
0 0.775937 0.544262 0.104438 0.204731
0 0.558867 0.754555 0.217609 0.475902
0 0.278125 0.699602 0.215219 0.400094
0 0.824273 0.750843 0.321234 0.449742
0 0.952305 0.588923 0.093859 0.162342
0 0.890234 0.513232 0.063344 0.170820
0 0.823914 0.478759 0.048109 0.115925
0 0.396695 0.504766 0.071797 0.147939
0 0.126188 0.524871 0.095312 0.133162
0 0.725000 0.480094 0.071875 0.103044