0 0.363594 0.632573 0.161750 0.728896
0 0.111484 0.622740 0.219594 0.729729
0 0.115242 0.362104 0.141766 0.236708
0 0.592008 0.224760 0.023016 0.041229
0 0.583164 0.559708 0.137922 0.637792
0 0.462641 0.589896 0.136531 0.703375
0 0.636602 0.501750 0.067797 0.470917
0 0.680445 0.556958 0.074984 0.461958
0 0.424281 0.307292 0.021156 0.068583
0 0.791937 0.498115 0.077156 0.429854
0 0.265453 0.531458 0.099437 0.537083
0 0.141305 0.372042 0.046234 0.122250
0 0.513188 0.335781 0.052438 0.116146
0 0.585156 0.478125 0.795312 0.552083