0 0.957000 0.436396 0.037031 0.095583
0 0.449164 0.482667 0.062797 0.157792
0 0.796555 0.594510 0.137141 0.532729
0 0.535953 0.526281 0.074156 0.235937
0 0.931078 0.527344 0.051250 0.240854
0 0.940750 0.554719 0.115594 0.166062
0 0.885773 0.398448 0.031047 0.155271
0 0.110391 0.459552 0.025281 0.119104
0 0.163477 0.412990 0.022297 0.106688
0 0.091438 0.445948 0.031094 0.153062
0 0.389656 0.584167 0.145844 0.242542
0 0.061727 0.422396 0.024359 0.091042
0 0.774133 0.384573 0.019234 0.074354
0 0.425781 0.435417 0.842187 0.229167