0 0.353367 0.578703 0.095766 0.307407
0 0.096492 0.776565 0.068547 0.331215
0 0.639492 0.516075 0.042734 0.099019
0 0.283031 0.488972 0.039969 0.146402
0 0.775383 0.496600 0.019328 0.105117
0 0.196492 0.458049 0.018609 0.082921
0 0.034563 0.670783 0.063125 0.617967
0 0.428250 0.530596 0.054719 0.238855
0 0.389383 0.565175 0.049516 0.281285
0 0.357703 0.453364 0.036812 0.117056
0 0.306398 0.451484 0.024109 0.073668
0 0.585961 0.535946 0.058484 0.194743
0 0.172750 0.445234 0.012156 0.046449
0 0.276562 0.494159 0.140625 0.147196