0 0.713289 0.805362 0.054641 0.166752
0 0.902117 0.800339 0.038016 0.132734
0 0.852430 0.808668 0.028484 0.121075
0 0.163734 0.824439 0.032063 0.094813
0 0.439539 0.846168 0.014703 0.059673
0 0.633648 0.823364 0.012891 0.048785
0 0.815664 0.805759 0.018797 0.066005
0 0.796164 0.813645 0.012234 0.038084
0 0.326633 0.848353 0.012766 0.023902
0 0.484492 0.829042 0.019766 0.080514
0 0.311773 0.826250 0.023766 0.111565
0 0.588055 0.826414 0.007609 0.025397
0 0.609625 0.817278 0.017781 0.085631
0 0.571875 0.820093 0.781250 0.074766