0 0.569562 0.701000 0.095188 0.580222
0 0.669312 0.694375 0.115031 0.606750
0 0.712867 0.292250 0.009609 0.030222
0 0.671414 0.317639 0.005734 0.050944
0 0.225000 0.578653 0.048031 0.316861
0 0.149727 0.495611 0.034797 0.164111
0 0.131047 0.492917 0.033406 0.163833
0 0.077688 0.472250 0.026406 0.107000
0 0.804742 0.561347 0.042703 0.262417
0 0.754977 0.540167 0.054047 0.281611
0 0.970008 0.453944 0.037891 0.254556
0 0.398445 0.657403 0.076766 0.486639
0 0.175453 0.488875 0.016406 0.168972
0 0.504688 0.563889 0.987500 0.661111