0 0.521031 0.745089 0.116219 0.351246
0 0.086742 0.467611 0.030453 0.071306
0 0.113266 0.476795 0.032844 0.079644
0 0.141812 0.512329 0.021063 0.060504
0 0.187945 0.471499 0.041672 0.087923
0 0.293914 0.503427 0.031578 0.069763
0 0.312250 0.504896 0.017781 0.065163
0 0.286352 0.152804 0.021297 0.044955
0 0.640750 0.278650 0.027219 0.071899
0 0.308320 0.471869 0.015609 0.037626
0 0.324367 0.549095 0.027266 0.062404
0 0.134445 0.466855 0.028328 0.083501
0 0.120266 0.270163 0.031906 0.080742
0 0.501563 0.412463 0.993750 0.789318