0 0.164859 0.687479 0.152812 0.407500
0 0.471063 0.504490 0.153375 0.312354
0 0.624156 0.647531 0.228031 0.351354
0 0.114867 0.503823 0.137578 0.628896
0 0.272641 0.379406 0.206469 0.367063
0 0.306180 0.645885 0.192359 0.416479
0 0.642977 0.360677 0.146641 0.388771
0 0.767234 0.472719 0.144625 0.614354
0 0.911234 0.511229 0.177531 0.667417
0 0.219797 0.391708 0.134219 0.434000
0 0.630336 0.801125 0.620234 0.361792
0 0.411680 0.379729 0.126359 0.419417
0 0.532156 0.458354 0.139531 0.537958
0 0.899219 0.456250 0.198437 0.645833