0 0.282680 0.622361 0.121569 0.350964
0 0.382557 0.440670 0.078676 0.150752
0 0.449371 0.299036 0.021944 0.056797
0 0.545882 0.297500 0.032941 0.067778
0 0.679714 0.333399 0.045180 0.118137
0 0.716667 0.307525 0.028987 0.061814
0 0.861503 0.283725 0.047124 0.151797
0 0.830596 0.292892 0.049395 0.098072
0 0.567100 0.642827 0.153284 0.376569
0 0.464690 0.280768 0.043072 0.096895
0 0.574052 0.277255 0.033824 0.087941
0 0.232663 0.359289 0.076863 0.198415
0 0.633832 0.279412 0.028546 0.089085
0 0.534314 0.280229 0.928105 0.119281