0 0.703513 0.595305 0.092365 0.094891
0 0.211241 0.673039 0.104075 0.134641
0 0.076780 0.792219 0.153560 0.319094
0 0.595211 0.515422 0.038244 0.076563
0 0.668478 0.512148 0.055176 0.076016
0 0.748981 0.518563 0.057166 0.089563
0 0.925714 0.533563 0.073443 0.084906
0 0.543571 0.611898 0.098244 0.181391
0 0.870000 0.618141 0.077049 0.152688
0 0.833536 0.561453 0.063560 0.152750
0 0.977705 0.505039 0.037799 0.067609
0 0.045621 0.608047 0.085621 0.121781
0 0.901089 0.536430 0.051639 0.071859
0 0.676815 0.424219 0.327869 0.195312