0 0.190430 0.702412 0.050359 0.261733
0 0.239203 0.653337 0.018469 0.086440
0 0.260180 0.643267 0.029484 0.108501
0 0.062859 0.646756 0.017188 0.062272
0 0.038594 0.640796 0.013125 0.078642
0 0.077523 0.641768 0.021234 0.071780
0 0.668070 0.609696 0.016641 0.025527
0 0.565789 0.663326 0.022859 0.047213
0 0.629188 0.633056 0.025656 0.074778
0 0.217727 0.665843 0.036672 0.128970
0 0.531516 0.663009 0.026250 0.096183
0 0.544695 0.649766 0.011797 0.061827
0 0.306148 0.616628 0.012734 0.019063
0 0.479687 0.637002 0.931250 0.206089