0 0.423053 0.640565 0.173862 0.637332
0 0.675144 0.742692 0.120641 0.396779
0 0.247380 0.800781 0.102324 0.275457
0 0.389904 0.794183 0.045256 0.259183
0 0.412540 0.805986 0.057740 0.225962
0 0.427604 0.791623 0.048574 0.245697
0 0.343526 0.840841 0.049487 0.139375
0 0.850601 0.740998 0.061554 0.259014
0 0.119119 0.830457 0.068846 0.258173
0 0.042011 0.836202 0.063894 0.265000
0 0.185144 0.866442 0.044231 0.163413
0 0.577492 0.468822 0.226843 0.703894
0 0.966683 0.728762 0.051026 0.144014
0 0.086538 0.893029 0.041667 0.161058