0 0.747170 0.479511 0.131140 0.419572
0 0.919480 0.412584 0.097240 0.295321
0 0.530250 0.361177 0.052460 0.192691
0 0.800100 0.320382 0.029000 0.058746
0 0.458370 0.334786 0.031460 0.131407
0 0.100630 0.340168 0.044140 0.067492
0 0.976370 0.346651 0.033940 0.133425
0 0.553140 0.299924 0.023120 0.058746
0 0.618690 0.319755 0.015300 0.070275
0 0.647520 0.310336 0.020280 0.063792
0 0.672980 0.309434 0.026200 0.049388
0 0.338670 0.302813 0.032580 0.077492
0 0.576470 0.347370 0.022660 0.132661
0 0.492000 0.311927 0.948000 0.122324