0 0.381570 0.801123 0.114300 0.375294
0 0.464940 0.235548 0.076000 0.137139
0 0.750620 0.180936 0.050640 0.101283
0 0.398810 0.181150 0.040140 0.110963
0 0.255920 0.165762 0.051640 0.143128
0 0.628120 0.057193 0.036320 0.046417
0 0.095140 0.237567 0.051920 0.059626
0 0.523600 0.039318 0.021840 0.042701
0 0.118280 0.069532 0.033640 0.028209
0 0.432680 0.180160 0.046360 0.131872
0 0.974690 0.065682 0.031860 0.031203
0 0.597490 0.058409 0.030700 0.048155
0 0.143690 0.159586 0.029500 0.031684
0 0.497000 0.164439 0.994000 0.328877