0 0.440727 0.822479 0.092703 0.332583
0 0.521219 0.770469 0.066156 0.241229
0 0.147297 0.796198 0.096844 0.262104
0 0.260023 0.736719 0.046859 0.175437
0 0.578453 0.763510 0.046875 0.201979
0 0.213805 0.754052 0.060359 0.212813
0 0.081164 0.725646 0.044703 0.193708
0 0.399891 0.731875 0.046875 0.187500
0 0.304922 0.746510 0.064375 0.185854
0 0.039133 0.744052 0.047547 0.205479
0 0.104266 0.694542 0.023875 0.121292
0 0.956562 0.725354 0.086875 0.189625
0 0.346805 0.723708 0.043641 0.183333
0 0.436719 0.682292 0.873437 0.285417