0 0.844646 0.464219 0.128417 0.119063
0 0.747635 0.440375 0.052104 0.093031
0 0.647323 0.401914 0.039813 0.034172
0 0.953479 0.455383 0.052667 0.076828
0 0.925229 0.409930 0.016625 0.020484
0 0.877031 0.401836 0.019312 0.006328
0 0.820573 0.396508 0.022313 0.032953
0 0.855896 0.406281 0.031792 0.029375
0 0.710406 0.411602 0.032354 0.021297
0 0.108323 0.382023 0.032563 0.090891
0 0.928719 0.451781 0.050521 0.065500
0 0.840635 0.404187 0.031062 0.027281
0 0.972010 0.443969 0.027146 0.050687
0 0.613542 0.415625 0.618750 0.121875