0 0.408073 0.842656 0.250271 0.314312
0 0.743635 0.870953 0.184312 0.258094
0 0.119938 0.812586 0.039167 0.062016
0 0.059219 0.818297 0.030937 0.054531
0 0.262823 0.811086 0.031729 0.060703
0 0.142958 0.810945 0.029292 0.063078
0 0.935594 0.802633 0.018937 0.062047
0 0.834198 0.816711 0.061021 0.114141
0 0.578677 0.797453 0.024646 0.048969
0 0.607094 0.795570 0.026937 0.045297
0 0.863292 0.794109 0.015792 0.016125
0 0.195885 0.800023 0.028687 0.061828
0 0.210833 0.833273 0.042667 0.102547
0 0.500000 0.809375 0.991667 0.121875