0 0.480602 0.437906 0.121766 0.291646
0 0.194937 0.261469 0.038875 0.058688
0 0.287969 0.312344 0.028437 0.026687
0 0.353930 0.589885 0.188766 0.424729
0 0.475922 0.208521 0.028156 0.059500
0 0.079469 0.310635 0.038469 0.059396
0 0.147453 0.274646 0.036687 0.037083
0 0.517484 0.257583 0.024906 0.031500
0 0.428133 0.261979 0.036109 0.039000
0 0.302039 0.314438 0.024703 0.055542
0 0.519328 0.205042 0.024781 0.045250
0 0.135164 0.332562 0.054422 0.070167
0 0.149820 0.316823 0.008641 0.021688
0 0.500000 0.234375 0.996875 0.468750