0 0.274836 0.862729 0.103109 0.268167
0 0.097219 0.885688 0.086688 0.225125
0 0.020195 0.877865 0.040391 0.238896
0 0.870734 0.834073 0.059531 0.229104
0 0.245031 0.818875 0.047344 0.154625
0 0.185211 0.746354 0.031234 0.092083
0 0.151883 0.736969 0.032047 0.050104
0 0.015078 0.753885 0.028594 0.085271
0 0.047852 0.820510 0.055016 0.147687
0 0.551516 0.911021 0.095781 0.175833
0 0.036953 0.733896 0.033531 0.062583
0 0.054258 0.733021 0.022391 0.058500
0 0.122070 0.772938 0.070984 0.094333
0 0.437500 0.776042 0.559375 0.139583