0 0.380344 0.600486 0.085875 0.401861
0 0.508969 0.613639 0.034594 0.260500
0 0.593281 0.574986 0.067781 0.415750
0 0.782867 0.587222 0.056672 0.345278
0 0.862047 0.568403 0.093094 0.455583
0 0.696305 0.598986 0.049109 0.287861
0 0.937578 0.574403 0.087906 0.425361
0 0.441250 0.617236 0.029031 0.237472
0 0.482359 0.605556 0.041563 0.271944
0 0.185516 0.627472 0.053969 0.316278
0 0.165992 0.667653 0.046422 0.253250
0 0.138094 0.634125 0.049938 0.309861
0 0.116492 0.617764 0.041922 0.315250
0 0.339844 0.605556 0.676562 0.327778