0 0.772828 0.668844 0.084312 0.213125
0 0.841516 0.664828 0.053344 0.216438
0 0.707664 0.617461 0.060484 0.112641
0 0.237672 0.638586 0.032031 0.080609
0 0.920664 0.619984 0.040016 0.102594
0 0.500539 0.609492 0.031516 0.041797
0 0.820016 0.629500 0.031875 0.155531
0 0.674250 0.615164 0.026687 0.069953
0 0.612820 0.689195 0.144391 0.231391
0 0.823664 0.558281 0.036484 0.079625
0 0.449742 0.586695 0.016422 0.029734
0 0.457742 0.595742 0.007953 0.010203
0 0.507867 0.600531 0.012484 0.020281
0 0.587500 0.604688 0.021875 0.046875