0 0.634391 0.557306 0.324500 0.862922
0 0.265117 0.572078 0.422328 0.826575
0 0.440102 0.136336 0.076859 0.206461
0 0.943523 0.171153 0.059266 0.234954
0 0.783484 0.126929 0.030969 0.152352
0 0.858313 0.120662 0.048750 0.149909
0 0.639500 0.090719 0.035531 0.077511
0 0.606984 0.094201 0.039438 0.089909
0 0.580055 0.087557 0.060078 0.175114
0 0.323219 0.113984 0.052406 0.129292
0 0.729094 0.127386 0.050875 0.254772
0 0.067273 0.183116 0.126828 0.361758
0 0.417898 0.172237 0.026453 0.105982
0 0.525781 0.119863 0.914062 0.235160