0 0.416086 0.694375 0.092578 0.301139
0 0.726742 0.462653 0.011266 0.033194
0 0.446875 0.435083 0.007875 0.049778
0 0.455406 0.417000 0.008156 0.036056
0 0.344148 0.409708 0.013891 0.043472
0 0.178133 0.618694 0.122766 0.589944
0 0.494742 0.433708 0.008703 0.026139
0 0.538836 0.423722 0.010328 0.032056
0 0.316539 0.395861 0.012484 0.043500
0 0.943633 0.479361 0.007266 0.020000
0 0.773617 0.477569 0.013172 0.011139
0 0.548281 0.451111 0.013031 0.017722
0 0.510469 0.443833 0.020031 0.016778
0 0.611719 0.411111 0.773438 0.211111