0 0.499734 0.630527 0.121844 0.270609
0 0.984305 0.364543 0.031141 0.061499
0 0.946852 0.303126 0.027297 0.055059
0 0.508695 0.445316 0.050172 0.084262
0 0.904125 0.298290 0.036094 0.052459
0 0.897211 0.270972 0.022016 0.049204
0 0.876672 0.293700 0.039406 0.060984
0 0.849938 0.418337 0.046500 0.091335
0 0.802750 0.352752 0.042625 0.085176
0 0.708992 0.348630 0.035734 0.093607
0 0.853500 0.347939 0.034281 0.069415
0 0.832398 0.375995 0.026016 0.051148
0 0.658836 0.342787 0.035672 0.072084
0 0.499219 0.220141 0.998437 0.440281