0 0.830289 0.640035 0.044266 0.095845
0 0.561539 0.638850 0.024391 0.039718
0 0.231641 0.627617 0.005969 0.011244
0 0.302773 0.612735 0.022672 0.056643
0 0.748031 0.692711 0.033031 0.058944
0 0.581078 0.575211 0.007812 0.028357
0 0.963406 0.640739 0.029125 0.019883
0 0.208703 0.632207 0.013906 0.034178
0 0.659758 0.577523 0.011578 0.038474
0 0.790930 0.678087 0.023516 0.045986
0 0.721758 0.682594 0.021766 0.053732
0 0.641000 0.693134 0.034906 0.063263
0 0.694063 0.686526 0.031375 0.064695
0 0.500000 0.626761 0.996875 0.206573