0 0.543656 0.635410 0.216562 0.634192
0 0.297609 0.310117 0.067469 0.080890
0 0.950547 0.135445 0.073813 0.120398
0 0.990117 0.118712 0.019766 0.094286
0 0.757570 0.019485 0.040641 0.037471
0 0.708766 0.021194 0.046625 0.042389
0 0.534914 0.151475 0.055984 0.188525
0 0.382648 0.302471 0.073203 0.087471
0 0.423273 0.142506 0.061109 0.179719
0 0.481109 0.308396 0.053594 0.070141
0 0.236617 0.174040 0.068047 0.173091
0 0.301859 0.136300 0.059562 0.097283
0 0.229469 0.314684 0.052969 0.063279
0 0.482812 0.188525 0.965625 0.330211