0 0.434242 0.421990 0.140422 0.380396
0 0.806211 0.801104 0.149328 0.223708
0 0.428078 0.960000 0.073281 0.080000
0 0.871945 0.149760 0.040328 0.130938
0 0.251969 0.098875 0.052250 0.067417
0 0.796109 0.151146 0.043031 0.144250
0 0.640500 0.095240 0.036937 0.060813
0 0.611820 0.101833 0.036672 0.048417
0 0.362266 0.097479 0.050125 0.069750
0 0.301687 0.098552 0.054344 0.050562
0 0.291461 0.975979 0.095828 0.048042
0 0.144984 0.053865 0.035937 0.064104
0 0.312758 0.060927 0.058266 0.058604
0 0.485156 0.498958 0.960938 0.997917