0 0.428008 0.687677 0.053891 0.213604
0 0.301320 0.689479 0.057828 0.231292
0 0.928461 0.656146 0.088484 0.281625
0 0.602008 0.660260 0.066203 0.234521
0 0.901016 0.482333 0.025281 0.050000
0 0.734828 0.715729 0.094375 0.339333
0 0.477156 0.490219 0.012219 0.051396
0 0.490852 0.565906 0.035766 0.083021
0 0.537234 0.581813 0.027687 0.100542
0 0.153813 0.697750 0.098656 0.294500
0 0.409141 0.581063 0.028469 0.098083
0 0.643609 0.415865 0.005719 0.020562
0 0.667742 0.618125 0.037891 0.162958
0 0.505469 0.546875 0.985938 0.439583