0 0.238367 0.494403 0.227891 0.578273
0 0.341234 0.311738 0.071625 0.330512
0 0.409766 0.215768 0.065938 0.096823
0 0.835734 0.325842 0.074094 0.269680
0 0.115273 0.382015 0.151516 0.314606
0 0.678469 0.495512 0.217375 0.478657
0 0.290969 0.194563 0.070500 0.150235
0 0.177703 0.596855 0.355406 0.685864
0 0.890898 0.452804 0.214078 0.478657
0 0.213000 0.240650 0.088344 0.137164
0 0.705555 0.237143 0.066641 0.058593
0 0.400367 0.545426 0.378172 0.592985
0 0.962930 0.257569 0.073484 0.187719
0 0.075000 0.270789 0.087500 0.238806