0 0.505070 0.236203 0.220828 0.356981
0 0.875156 0.500413 0.017438 0.035401
0 0.859383 0.524965 0.017016 0.093373
0 0.836102 0.525271 0.031922 0.100873
0 0.796297 0.523078 0.018875 0.093986
0 0.774000 0.454292 0.017438 0.046226
0 0.653078 0.441392 0.019625 0.048585
0 0.760531 0.495259 0.015563 0.034670
0 0.060477 0.459858 0.019984 0.054717
0 0.015688 0.477913 0.030812 0.048844
0 0.746078 0.520519 0.020344 0.096179
0 0.817648 0.500896 0.015266 0.029717
0 0.084617 0.458502 0.023016 0.045778
0 0.402344 0.496462 0.770312 0.106132