0 0.046450 0.430187 0.089540 0.853600
0 0.225000 0.151320 0.109560 0.258427
0 0.323930 0.671773 0.139860 0.537680
0 0.487920 0.622467 0.136520 0.512347
0 0.353490 0.355200 0.148500 0.638667
0 0.448040 0.497413 0.097920 0.567627
0 0.541540 0.351547 0.094120 0.352107
0 0.821990 0.662347 0.143900 0.620587
0 0.674730 0.659693 0.168380 0.620667
0 0.923230 0.690453 0.153540 0.619093
0 0.738890 0.382707 0.114820 0.246907
0 0.848770 0.311307 0.134860 0.338720
0 0.601550 0.591880 0.124180 0.627547
0 0.523000 0.505333 0.950000 0.754667