0 0.144461 0.602844 0.063297 0.351187
0 0.276641 0.568021 0.085938 0.249667
0 0.598320 0.649438 0.084266 0.341583
0 0.389750 0.534740 0.061969 0.208354
0 0.925281 0.720229 0.131469 0.528083
0 0.538992 0.532198 0.038453 0.158479
0 0.558641 0.505385 0.019187 0.093813
0 0.653094 0.568531 0.079219 0.215729
0 0.834266 0.630333 0.144937 0.424708
0 0.504859 0.556240 0.050938 0.177854
0 0.622141 0.488187 0.032719 0.073542
0 0.361469 0.531125 0.048938 0.178625
0 0.967914 0.656740 0.064172 0.441521
0 0.249219 0.587500 0.498437 0.308333