0 0.832039 0.689296 0.035234 0.184554
0 0.620852 0.681467 0.060078 0.187535
0 0.587961 0.691878 0.029641 0.167840
0 0.425063 0.721890 0.020188 0.104531
0 0.471656 0.700587 0.032344 0.149061
0 0.307859 0.717653 0.049531 0.207277
0 0.036961 0.725775 0.019797 0.104695
0 0.171016 0.721561 0.033125 0.115141
0 0.235953 0.725223 0.023625 0.100681
0 0.709930 0.691385 0.036078 0.167136
0 0.529977 0.689800 0.038234 0.175845
0 0.973227 0.690129 0.044984 0.163404
0 0.359320 0.729836 0.018328 0.101174
0 0.480469 0.699531 0.957812 0.234742