0 0.408734 0.658509 0.079906 0.210164
0 0.549211 0.704953 0.109797 0.290704
0 0.567906 0.628439 0.065438 0.117347
0 0.601109 0.603028 0.033594 0.080751
0 0.696570 0.645364 0.030422 0.064859
0 0.917664 0.632582 0.046359 0.132582
0 0.723328 0.599085 0.027719 0.082347
0 0.798969 0.593815 0.033000 0.044437
0 0.787008 0.686455 0.063203 0.224178
0 0.639945 0.592782 0.044266 0.067347
0 0.753859 0.693991 0.082500 0.177606
0 0.677516 0.605610 0.034500 0.055540
0 0.860109 0.595610 0.041594 0.066432
0 0.687500 0.580986 0.025000 0.030516