0 0.700320 0.534684 0.373516 0.882623
0 0.305109 0.575281 0.478281 0.844941
0 0.160430 0.412365 0.101953 0.289883
0 0.085000 0.482248 0.060562 0.169555
0 0.777891 0.347822 0.022469 0.051335
0 0.827523 0.342588 0.021172 0.039040
0 0.252992 0.346979 0.058203 0.170023
0 0.760750 0.349649 0.026344 0.053864
0 0.796398 0.358934 0.045641 0.076792
0 0.843187 0.355855 0.029750 0.077939
0 0.866203 0.369824 0.029281 0.100304
0 0.900469 0.387670 0.039531 0.068267
0 0.857430 0.401698 0.049453 0.094731
0 0.962500 0.658080 0.071875 0.660422