0 0.715906 0.494146 0.177750 0.331500
0 0.521898 0.523479 0.144047 0.399208
0 0.515344 0.365635 0.143250 0.326062
0 0.471727 0.258198 0.043109 0.088979
0 0.383406 0.231281 0.035594 0.127729
0 0.354938 0.221094 0.024063 0.080229
0 0.319750 0.246469 0.030969 0.087188
0 0.305672 0.201354 0.022094 0.058917
0 0.276680 0.207750 0.028641 0.105000
0 0.216773 0.256823 0.042984 0.153521
0 0.492836 0.231271 0.019172 0.086417
0 0.325531 0.195969 0.024594 0.070271
0 0.547687 0.230948 0.035281 0.111229
0 0.267969 0.173958 0.067187 0.072917