0 0.894813 0.627757 0.201000 0.470656
0 0.956359 0.539322 0.083437 0.310109
0 0.655492 0.550646 0.165078 0.348293
0 0.566664 0.582713 0.110953 0.352254
0 0.485375 0.538501 0.111062 0.287856
0 0.570016 0.332374 0.030344 0.080416
0 0.334531 0.375481 0.026531 0.090700
0 0.367977 0.376783 0.027141 0.109278
0 0.200250 0.483195 0.064906 0.117943
0 0.343234 0.565558 0.110281 0.293917
0 0.451133 0.462199 0.047203 0.112888
0 0.699836 0.362068 0.040234 0.094595
0 0.146242 0.496641 0.103859 0.107418
0 0.425781 0.548140 0.848437 0.509847